Running inference at 16384 shots

Original matrix:
[[ 0.19134172+0.00000000e+00j -0.19134172+2.34326020e-17j  0.19134172-2.34326020e-17j
  -0.19134172+4.68652041e-17j  0.46193977-5.65713056e-17j -0.46193977+1.13142611e-16j
   0.46193977-1.13142611e-16j -0.46193977+1.69713917e-16j]
 [ 0.19134172+0.00000000e+00j  0.19134172-2.34326020e-17j  0.19134172-2.34326020e-17j
   0.19134172-4.68652041e-17j  0.46193977-5.65713056e-17j  0.46193977-1.13142611e-16j
   0.46193977-1.13142611e-16j  0.46193977-1.69713917e-16j]
 [ 0.19134172+0.00000000e+00j -0.19134172+2.34326020e-17j -0.19134172+2.34326020e-17j
   0.19134172-4.68652041e-17j  0.46193977-5.65713056e-17j -0.46193977+1.13142611e-16j
  -0.46193977+1.13142611e-16j  0.46193977-1.69713917e-16j]
 [ 0.19134172+0.00000000e+00j  0.19134172-2.34326020e-17j -0.19134172+2.34326020e-17j
  -0.19134172+4.68652041e-17j  0.46193977-5.65713056e-17j  0.46193977-1.13142611e-16j
  -0.46193977+1.13142611e-16j -0.46193977+1.69713917e-16j]
 [ 0.46193977+0.00000000e+00j -0.46193977+5.65713056e-17j  0.46193977-5.65713056e-17j
  -0.46193977+1.13142611e-16j -0.19134172+2.34326020e-17j  0.19134172-4.68652041e-17j
  -0.19134172+4.68652041e-17j  0.19134172-7.02978061e-17j]
 [ 0.46193977+0.00000000e+00j  0.46193977-5.65713056e-17j  0.46193977-5.65713056e-17j
   0.46193977-1.13142611e-16j -0.19134172+2.34326020e-17j -0.19134172+4.68652041e-17j
  -0.19134172+4.68652041e-17j -0.19134172+7.02978061e-17j]
 [ 0.46193977+0.00000000e+00j -0.46193977+5.65713056e-17j -0.46193977+5.65713056e-17j
   0.46193977-1.13142611e-16j -0.19134172+2.34326020e-17j  0.19134172-4.68652041e-17j
   0.19134172-4.68652041e-17j -0.19134172+7.02978061e-17j]
 [ 0.46193977+0.00000000e+00j  0.46193977-5.65713056e-17j -0.46193977+5.65713056e-17j
  -0.46193977+1.13142611e-16j -0.19134172+2.34326020e-17j -0.19134172+4.68652041e-17j
   0.19134172-4.68652041e-17j  0.19134172-7.02978061e-17j]]
Reconstructed matrix:
[[ 0.21079277+0.j         -0.20268536-0.00926562j  0.16099009+0.0023164j  -0.24409709+0.0040686j
   0.40537072+0.01158202j -0.46598292-0.01509593j  0.48382453+0.02823179j -0.37152783-0.01952728j]
 [ 0.2270076 -0.0023164j   0.19631504+0.02573006j  0.26546337+0.0053339j   0.17729754-0.01594864j
   0.48098296-0.02897111j  0.43116847-0.00070038j  0.38275978+0.01316169j  0.49996896-0.00196745j]
 [ 0.18531233+0.00926562j -0.23109885-0.02251552j -0.24448994-0.02322266j  0.15902252+0.00034976j
   0.46152251+0.02759563j -0.40870317-0.01739516j -0.39109335-0.0261742j   0.51006096+0.00248109j]
 [ 0.22736827+0.01524437j  0.16841222+0.01506294j -0.18114263-0.0041487j  -0.25337285-0.02512116j
   0.40837957+0.02634498j  0.48577895-0.01094441j -0.50431937-0.01736513j -0.36264359+0.035569j  ]
 [ 0.39726331+0.01042382j -0.39002974+0.03142419j  0.51555131+0.10139869j -0.34467383-0.02324724j
  -0.19357114+0.0125169j   0.1749373 -0.00166422j -0.17379334-0.00355689j  0.20312776+0.02630158j]
 [ 0.52367216+0.00267497j  0.51957104-0.06171123j  0.41115036+0.06958251j  0.58412662+0.01728165j
  -0.23291776-0.00632687j -0.24876933+0.03724959j -0.24794811-0.03454589j -0.21735855-0.04348783j]
 [ 0.47029982-0.01713486j -0.53578795+0.08400886j -0.38945925-0.07001687j  0.56920051+0.03734129j
  -0.19664141+0.0176125j   0.23043913-0.01754053j  0.20529822+0.00981255j -0.19069461-0.0238774j ]
 [ 0.39085899-0.04164302j  0.37590213-0.04136191j -0.50184792-0.12276773j -0.33386238-0.0089574j
  -0.19455741+0.02325744j -0.17459033+0.0246561j   0.21760916-0.00030045j  0.23607353+0.04353579j]]
% Error: 50.90669425111321

Running inference at 16384 shots

Original matrix:
[[ 0.19134172+0.00000000e+00j -0.19134172+2.34326020e-17j  0.19134172-2.34326020e-17j
  -0.19134172+4.68652041e-17j  0.46193977-5.65713056e-17j -0.46193977+1.13142611e-16j
   0.46193977-1.13142611e-16j -0.46193977+1.69713917e-16j]
 [ 0.19134172+0.00000000e+00j  0.19134172-2.34326020e-17j  0.19134172-2.34326020e-17j
   0.19134172-4.68652041e-17j  0.46193977-5.65713056e-17j  0.46193977-1.13142611e-16j
   0.46193977-1.13142611e-16j  0.46193977-1.69713917e-16j]
 [ 0.19134172+0.00000000e+00j -0.19134172+2.34326020e-17j -0.19134172+2.34326020e-17j
   0.19134172-4.68652041e-17j  0.46193977-5.65713056e-17j -0.46193977+1.13142611e-16j
  -0.46193977+1.13142611e-16j  0.46193977-1.69713917e-16j]
 [ 0.19134172+0.00000000e+00j  0.19134172-2.34326020e-17j -0.19134172+2.34326020e-17j
  -0.19134172+4.68652041e-17j  0.46193977-5.65713056e-17j  0.46193977-1.13142611e-16j
  -0.46193977+1.13142611e-16j -0.46193977+1.69713917e-16j]
 [ 0.46193977+0.00000000e+00j -0.46193977+5.65713056e-17j  0.46193977-5.65713056e-17j
  -0.46193977+1.13142611e-16j -0.19134172+2.34326020e-17j  0.19134172-4.68652041e-17j
  -0.19134172+4.68652041e-17j  0.19134172-7.02978061e-17j]
 [ 0.46193977+0.00000000e+00j  0.46193977-5.65713056e-17j  0.46193977-5.65713056e-17j
   0.46193977-1.13142611e-16j -0.19134172+2.34326020e-17j -0.19134172+4.68652041e-17j
  -0.19134172+4.68652041e-17j -0.19134172+7.02978061e-17j]
 [ 0.46193977+0.00000000e+00j -0.46193977+5.65713056e-17j -0.46193977+5.65713056e-17j
   0.46193977-1.13142611e-16j -0.19134172+2.34326020e-17j  0.19134172-4.68652041e-17j
   0.19134172-4.68652041e-17j -0.19134172+7.02978061e-17j]
 [ 0.46193977+0.00000000e+00j  0.46193977-5.65713056e-17j -0.46193977+5.65713056e-17j
  -0.46193977+1.13142611e-16j -0.19134172+2.34326020e-17j -0.19134172+4.68652041e-17j
   0.19134172-4.68652041e-17j  0.19134172-7.02978061e-17j]]
Reconstructed matrix:
[[ 0.20728905+0.j         -0.17313347+0.02591113j  0.17313347+0.00471111j -0.22422314-0.00046011j
   0.38748919+0.j         -0.50467638-0.00315029j  0.50656655-0.00567052j -0.37116552+0.00559929j]
 [ 0.18137792+0.00353334j  0.22293017-0.02785684j  0.21869364+0.004534j    0.13062426-0.01715307j
   0.48955499-0.00693064j  0.38368542+0.01061808j  0.40424091+0.01041281j  0.53152766-0.00341254j]
 [ 0.19668904+0.00824445j -0.21535492+0.03351453j -0.25660336+0.00147619j  0.19818332+0.00802841j
   0.48577464+0.01071098j -0.37355331-0.01490831j -0.40047114-0.0027457j   0.48495448-0.01191482j]
 [ 0.23314806+0.02458117j  0.2153992 -0.04165657j -0.18555726+0.00487288j -0.22492294-0.01767677j
   0.41392432+0.01363669j  0.52015024+0.01417804j -0.50404849+0.01727007j -0.37267656+0.00562547j]
 [ 0.3816003 -0.00588889j -0.48399172+0.11914922j  0.48540562+0.01178073j -0.31687957-0.01480489j
  -0.21169945+0.00252023j  0.16348295-0.0043005j  -0.17292365-0.00866505j  0.22363231+0.0005727j ]
 [ 0.47618947-0.01246091j  0.4234332 -0.08607294j  0.400606  +0.01021358j  0.60728261+0.05279626j
  -0.18313052-0.01972587j -0.25023445-0.02474398j -0.2069313 -0.01593628j -0.16266239+0.00067514j]
 [ 0.48678194+0.00592051j -0.41199992+0.08849457j -0.39797005+0.01547119j  0.58721464+0.0027686j
  -0.19042169+0.0114896j   0.25263301-0.00961905j  0.24854204+0.00115369j -0.17247942+0.00392507j]
 [ 0.41313965+0.03059432j  0.46442185-0.09743953j -0.4721407 +0.02563856j -0.31596341+0.00308353j
  -0.20377865+0.01984315j -0.14726082-0.01560815j  0.14550076+0.02621383j  0.19791493+0.01105489j]]
% Error: 50.19006674800007

Running inference at 16384 shots

Original matrix:
[[ 0.19134172+0.00000000e+00j -0.19134172+2.34326020e-17j  0.19134172-2.34326020e-17j
  -0.19134172+4.68652041e-17j  0.46193977-5.65713056e-17j -0.46193977+1.13142611e-16j
   0.46193977-1.13142611e-16j -0.46193977+1.69713917e-16j]
 [ 0.19134172+0.00000000e+00j  0.19134172-2.34326020e-17j  0.19134172-2.34326020e-17j
   0.19134172-4.68652041e-17j  0.46193977-5.65713056e-17j  0.46193977-1.13142611e-16j
   0.46193977-1.13142611e-16j  0.46193977-1.69713917e-16j]
 [ 0.19134172+0.00000000e+00j -0.19134172+2.34326020e-17j -0.19134172+2.34326020e-17j
   0.19134172-4.68652041e-17j  0.46193977-5.65713056e-17j -0.46193977+1.13142611e-16j
  -0.46193977+1.13142611e-16j  0.46193977-1.69713917e-16j]
 [ 0.19134172+0.00000000e+00j  0.19134172-2.34326020e-17j -0.19134172+2.34326020e-17j
  -0.19134172+4.68652041e-17j  0.46193977-5.65713056e-17j  0.46193977-1.13142611e-16j
  -0.46193977+1.13142611e-16j -0.46193977+1.69713917e-16j]
 [ 0.46193977+0.00000000e+00j -0.46193977+5.65713056e-17j  0.46193977-5.65713056e-17j
  -0.46193977+1.13142611e-16j -0.19134172+2.34326020e-17j  0.19134172-4.68652041e-17j
  -0.19134172+4.68652041e-17j  0.19134172-7.02978061e-17j]
 [ 0.46193977+0.00000000e+00j  0.46193977-5.65713056e-17j  0.46193977-5.65713056e-17j
   0.46193977-1.13142611e-16j -0.19134172+2.34326020e-17j -0.19134172+4.68652041e-17j
  -0.19134172+4.68652041e-17j -0.19134172+7.02978061e-17j]
 [ 0.46193977+0.00000000e+00j -0.46193977+5.65713056e-17j -0.46193977+5.65713056e-17j
   0.46193977-1.13142611e-16j -0.19134172+2.34326020e-17j  0.19134172-4.68652041e-17j
   0.19134172-4.68652041e-17j -0.19134172+7.02978061e-17j]
 [ 0.46193977+0.00000000e+00j  0.46193977-5.65713056e-17j -0.46193977+5.65713056e-17j
  -0.46193977+1.13142611e-16j -0.19134172+2.34326020e-17j -0.19134172+4.68652041e-17j
   0.19134172-4.68652041e-17j  0.19134172-7.02978061e-17j]]
Reconstructed matrix:
[[ 0.19887378+0.j         -0.20869471-0.00245523j  0.15222438+0.00122762j -0.2595125 +0.03799774j
   0.42598273+0.02209709j -0.47990876-0.02590088j  0.44527125+0.03209443j -0.42276929-0.01550656j]
 [ 0.21360517+0.00982093j  0.204421  -0.02566424j  0.27124444+0.02463774j  0.17260468-0.05215137j
   0.50952329+0.02229841j  0.42690579+0.03909103j  0.44880803+0.04178228j  0.43934284+0.02816564j]
 [ 0.1927357 -0.00122762j -0.20592136-0.00242193j -0.26772615+0.01387732j  0.13119046+0.00953701j
   0.45040519+0.04262016j -0.40157511-0.03166265j -0.4369309 -0.05938442j  0.43492446-0.01346279j]
 [ 0.23694123-0.01037532j  0.20590477-0.03313713j -0.15887569-0.01357738j -0.31311198-0.03172963j
   0.44740024+0.04158438j  0.49285325+0.04318297j -0.42664931-0.0537296j  -0.39760139+0.00556073j]
 [ 0.4468522 +0.00859331j -0.37871085+0.02712291j  0.58410038+0.03838573j -0.32354087+0.07332369j
  -0.19071414-0.03036155j  0.1579591 -0.00467437j -0.19234977-0.00612414j  0.18120669+0.01238782j]
 [ 0.44427863+0.00471583j  0.51871543-0.05017048j  0.32918262+0.00984436j  0.6509055 -0.1610168j
  -0.24250698-0.04156579j -0.2233557 +0.02665559j -0.20259895+0.01509621j -0.21756442-0.00939588j]
 [ 0.44931327+0.01081806j -0.50473473+0.03514159j -0.35861115-0.02502194j  0.57102307-0.11336218j
  -0.18552002-0.01468919j  0.24495771+0.0267074j   0.1810402 -0.01451454j -0.22983963-0.01156201j]
 [ 0.4930384 +0.00860067j  0.37775855-0.01359237j -0.51979218-0.03389425j -0.36952741+0.06028962j
  -0.2368096 -0.04840698j -0.14955407-0.04511999j  0.20820607-0.02313588j  0.18785386+0.0178571j ]]
% Error: 55.919363899629374

Running inference at 16384 shots

Original matrix:
[[ 0.19134172+0.00000000e+00j -0.19134172+2.34326020e-17j  0.19134172-2.34326020e-17j
  -0.19134172+4.68652041e-17j  0.46193977-5.65713056e-17j -0.46193977+1.13142611e-16j
   0.46193977-1.13142611e-16j -0.46193977+1.69713917e-16j]
 [ 0.19134172+0.00000000e+00j  0.19134172-2.34326020e-17j  0.19134172-2.34326020e-17j
   0.19134172-4.68652041e-17j  0.46193977-5.65713056e-17j  0.46193977-1.13142611e-16j
   0.46193977-1.13142611e-16j  0.46193977-1.69713917e-16j]
 [ 0.19134172+0.00000000e+00j -0.19134172+2.34326020e-17j -0.19134172+2.34326020e-17j
   0.19134172-4.68652041e-17j  0.46193977-5.65713056e-17j -0.46193977+1.13142611e-16j
  -0.46193977+1.13142611e-16j  0.46193977-1.69713917e-16j]
 [ 0.19134172+0.00000000e+00j  0.19134172-2.34326020e-17j -0.19134172+2.34326020e-17j
  -0.19134172+4.68652041e-17j  0.46193977-5.65713056e-17j  0.46193977-1.13142611e-16j
  -0.46193977+1.13142611e-16j -0.46193977+1.69713917e-16j]
 [ 0.46193977+0.00000000e+00j -0.46193977+5.65713056e-17j  0.46193977-5.65713056e-17j
  -0.46193977+1.13142611e-16j -0.19134172+2.34326020e-17j  0.19134172-4.68652041e-17j
  -0.19134172+4.68652041e-17j  0.19134172-7.02978061e-17j]
 [ 0.46193977+0.00000000e+00j  0.46193977-5.65713056e-17j  0.46193977-5.65713056e-17j
   0.46193977-1.13142611e-16j -0.19134172+2.34326020e-17j -0.19134172+4.68652041e-17j
  -0.19134172+4.68652041e-17j -0.19134172+7.02978061e-17j]
 [ 0.46193977+0.00000000e+00j -0.46193977+5.65713056e-17j -0.46193977+5.65713056e-17j
   0.46193977-1.13142611e-16j -0.19134172+2.34326020e-17j  0.19134172-4.68652041e-17j
   0.19134172-4.68652041e-17j -0.19134172+7.02978061e-17j]
 [ 0.46193977+0.00000000e+00j  0.46193977-5.65713056e-17j -0.46193977+5.65713056e-17j
  -0.46193977+1.13142611e-16j -0.19134172+2.34326020e-17j -0.19134172+4.68652041e-17j
   0.19134172-4.68652041e-17j  0.19134172-7.02978061e-17j]]
Reconstructed matrix:
[[ 0.20372508+0.j         -0.20252669-0.01078545j  0.21331214-0.00239677j -0.18178347-0.01740998j
   0.42063236+0.00239677j -0.46956631-0.00209504j  0.43931439-0.01026521j -0.42267988+0.03762197j]
 [ 0.21211375+0.00359515j  0.22625787+0.01557705j  0.18962895+0.03219689j  0.26121487+0.02060676j
   0.46435235+0.00380646j  0.41747097-0.00697589j  0.45016715-0.0010702j   0.44243103-0.03819239j]
 [ 0.17017036-0.0071903j  -0.21644359+0.01011441j -0.16245274-0.00618479j  0.2188786 +0.02717471j
   0.46436227+0.00554765j -0.40246468-0.00907429j -0.41998537-0.00629576j  0.43473113-0.02330477j]
 [ 0.24325956-0.01881936j  0.21704309-0.01009823j -0.23125775+0.00470762j -0.20365211-0.00504872j
   0.40984749+0.02381674j  0.46284428+0.02678698j -0.46519153+0.02905458j -0.44039881+0.02291493j]
 [ 0.44100487-0.01797574j -0.45741573-0.03261223j  0.38487834-0.0283523j  -0.423626  -0.06093234j
  -0.21459454+0.0277961j   0.16015258+0.00331405j -0.17827922-0.00472079j  0.18401936-0.022944j  ]
 [ 0.47183046-0.01751313j  0.44315817+0.03920123j  0.51680027-0.04016939j  0.46962443+0.07642214j
  -0.19685631+0.02575714j -0.28353832+0.00023022j -0.22989881+0.00622845j -0.2127523 +0.05529453j]
 [ 0.4532826 -0.0106902j  -0.43419323-0.02588835j -0.49361184+0.01840013j  0.45229633+0.06463066j
  -0.20525574+0.02900948j  0.24023651-0.03006478j  0.1964374 +0.02297194j -0.21512183+0.02214249j]
 [ 0.43633042-0.02534316j  0.44070416+0.01659926j -0.40488443-0.00517154j -0.4240586 -0.06749778j
  -0.20269911+0.01952605j -0.1598984 +0.03416725j  0.21591475+0.02819631j  0.18305528-0.01400242j]]
% Error: 33.67371833438418

Running inference at 16384 shots

Original matrix:
[[ 0.19134172+0.00000000e+00j -0.19134172+2.34326020e-17j  0.19134172-2.34326020e-17j
  -0.19134172+4.68652041e-17j  0.46193977-5.65713056e-17j -0.46193977+1.13142611e-16j
   0.46193977-1.13142611e-16j -0.46193977+1.69713917e-16j]
 [ 0.19134172+0.00000000e+00j  0.19134172-2.34326020e-17j  0.19134172-2.34326020e-17j
   0.19134172-4.68652041e-17j  0.46193977-5.65713056e-17j  0.46193977-1.13142611e-16j
   0.46193977-1.13142611e-16j  0.46193977-1.69713917e-16j]
 [ 0.19134172+0.00000000e+00j -0.19134172+2.34326020e-17j -0.19134172+2.34326020e-17j
   0.19134172-4.68652041e-17j  0.46193977-5.65713056e-17j -0.46193977+1.13142611e-16j
  -0.46193977+1.13142611e-16j  0.46193977-1.69713917e-16j]
 [ 0.19134172+0.00000000e+00j  0.19134172-2.34326020e-17j -0.19134172+2.34326020e-17j
  -0.19134172+4.68652041e-17j  0.46193977-5.65713056e-17j  0.46193977-1.13142611e-16j
  -0.46193977+1.13142611e-16j -0.46193977+1.69713917e-16j]
 [ 0.46193977+0.00000000e+00j -0.46193977+5.65713056e-17j  0.46193977-5.65713056e-17j
  -0.46193977+1.13142611e-16j -0.19134172+2.34326020e-17j  0.19134172-4.68652041e-17j
  -0.19134172+4.68652041e-17j  0.19134172-7.02978061e-17j]
 [ 0.46193977+0.00000000e+00j  0.46193977-5.65713056e-17j  0.46193977-5.65713056e-17j
   0.46193977-1.13142611e-16j -0.19134172+2.34326020e-17j -0.19134172+4.68652041e-17j
  -0.19134172+4.68652041e-17j -0.19134172+7.02978061e-17j]
 [ 0.46193977+0.00000000e+00j -0.46193977+5.65713056e-17j -0.46193977+5.65713056e-17j
   0.46193977-1.13142611e-16j -0.19134172+2.34326020e-17j  0.19134172-4.68652041e-17j
   0.19134172-4.68652041e-17j -0.19134172+7.02978061e-17j]
 [ 0.46193977+0.00000000e+00j  0.46193977-5.65713056e-17j -0.46193977+5.65713056e-17j
  -0.46193977+1.13142611e-16j -0.19134172+2.34326020e-17j -0.19134172+4.68652041e-17j
   0.19134172-4.68652041e-17j  0.19134172-7.02978061e-17j]]
Reconstructed matrix:
[[ 0.21986324+0.j         -0.19432357+0.01443547j  0.18877147-0.02109799j -0.25159584+0.01733449j
   0.37754294-0.04441682j -0.50668833+0.06175681j  0.53889637-0.05537852j -0.35984144+0.03576192j]
 [ 0.16101096-0.00999378j  0.19277738-0.02410399j  0.23298308-0.03548799j  0.16668987-0.0248329j
   0.51799008-0.06430812j  0.37170514-0.04772011j  0.35150562-0.03403607j  0.55790919-0.06899613j]
 [ 0.15545886+0.00888336j -0.18365251+0.01970587j -0.22205887+0.01916036j  0.18010566-0.0084469j
   0.54749804-0.03560584j -0.36834104+0.04778982j -0.34231375+0.03710336j  0.51805051-0.03052217j]
 [ 0.23237798-0.00084976j  0.19913528-0.03387175j -0.18083985+0.01862272j -0.20053209+0.02690829j
   0.34822497-0.01980263j  0.53492223-0.07928121j -0.56285439+0.05262447j -0.33454136+0.01489385j]
 [ 0.37421167+0.04552724j -0.37993835+0.04033991j  0.48328465-0.07538662j -0.37386127+0.01782537j
  -0.21326734+0.01497021j  0.16146319-0.01957124j -0.15013188-0.00263725j  0.21311661-0.00746184j]
 [ 0.48136742+0.05115516j  0.52401367-0.07387253j  0.42044194-0.06872332j  0.54009932-0.0555375j
  -0.18752038+0.01303383j -0.24409409+0.05369074j -0.27156924+0.000108j   -0.19623137+0.04227961j]
 [ 0.53327171+0.08008745j -0.5211669 +0.06540972j -0.41661851+0.08547735j  0.48888884-0.00890267j
  -0.20707772+0.01439319j  0.22563242-0.01481119j  0.26463392-0.02460732j -0.18926918+0.0397509j ]
 [ 0.38313535+0.05500147j  0.3859911 -0.04331043j -0.44893462+0.06850653j -0.40950881+0.02841221j
  -0.18288803+0.00208083j -0.19357719+0.01474343j  0.14645132-0.01701146j  0.21173901-0.00646589j]]
% Error: 58.21478613441384

Running inference at 16384 shots

Original matrix:
[[ 0.19134172+0.00000000e+00j -0.19134172+2.34326020e-17j  0.19134172-2.34326020e-17j
  -0.19134172+4.68652041e-17j  0.46193977-5.65713056e-17j -0.46193977+1.13142611e-16j
   0.46193977-1.13142611e-16j -0.46193977+1.69713917e-16j]
 [ 0.19134172+0.00000000e+00j  0.19134172-2.34326020e-17j  0.19134172-2.34326020e-17j
   0.19134172-4.68652041e-17j  0.46193977-5.65713056e-17j  0.46193977-1.13142611e-16j
   0.46193977-1.13142611e-16j  0.46193977-1.69713917e-16j]
 [ 0.19134172+0.00000000e+00j -0.19134172+2.34326020e-17j -0.19134172+2.34326020e-17j
   0.19134172-4.68652041e-17j  0.46193977-5.65713056e-17j -0.46193977+1.13142611e-16j
  -0.46193977+1.13142611e-16j  0.46193977-1.69713917e-16j]
 [ 0.19134172+0.00000000e+00j  0.19134172-2.34326020e-17j -0.19134172+2.34326020e-17j
  -0.19134172+4.68652041e-17j  0.46193977-5.65713056e-17j  0.46193977-1.13142611e-16j
  -0.46193977+1.13142611e-16j -0.46193977+1.69713917e-16j]
 [ 0.46193977+0.00000000e+00j -0.46193977+5.65713056e-17j  0.46193977-5.65713056e-17j
  -0.46193977+1.13142611e-16j -0.19134172+2.34326020e-17j  0.19134172-4.68652041e-17j
  -0.19134172+4.68652041e-17j  0.19134172-7.02978061e-17j]
 [ 0.46193977+0.00000000e+00j  0.46193977-5.65713056e-17j  0.46193977-5.65713056e-17j
   0.46193977-1.13142611e-16j -0.19134172+2.34326020e-17j -0.19134172+4.68652041e-17j
  -0.19134172+4.68652041e-17j -0.19134172+7.02978061e-17j]
 [ 0.46193977+0.00000000e+00j -0.46193977+5.65713056e-17j -0.46193977+5.65713056e-17j
   0.46193977-1.13142611e-16j -0.19134172+2.34326020e-17j  0.19134172-4.68652041e-17j
   0.19134172-4.68652041e-17j -0.19134172+7.02978061e-17j]
 [ 0.46193977+0.00000000e+00j  0.46193977-5.65713056e-17j -0.46193977+5.65713056e-17j
  -0.46193977+1.13142611e-16j -0.19134172+2.34326020e-17j -0.19134172+4.68652041e-17j
   0.19134172-4.68652041e-17j  0.19134172-7.02978061e-17j]]
Reconstructed matrix:
[[ 0.20252315+0.j         -0.17961874-0.00482198j  0.18685171+0.00120549j -0.2104811 -0.01834223j
   0.40504629+0.00241099j -0.47916533+0.00317508j  0.46738264+0.04256036j -0.38680781-0.03669884j]
 [ 0.19770117+0.00482198j  0.20064261+0.03116652j  0.23127799+0.00149199j  0.18553254+0.01249709j
   0.45030419+0.00870724j  0.38979402-0.00258265j  0.41822208+0.05441161j  0.49911634+0.05084868j]
 [ 0.1904682 -0.00602747j -0.21873595+0.00363716j -0.19092342-0.02474852j  0.19701676+0.01119792j
   0.48049286+0.01732479j -0.39398846+0.02044181j -0.43488013-0.01993998j  0.49827036+0.04209116j]
 [ 0.22637376+0.0158767j   0.2122001 -0.00798863j -0.21804137-0.03351194j -0.18762435+0.01279752j
   0.40594512+0.02726849j  0.49699055-0.00037771j -0.4375118 -0.0283621j  -0.38826445-0.03668098j]
 [ 0.38455288-0.02049341j -0.42397949+0.00356423j  0.43309302+0.09424837j -0.34560373-0.01252692j
  -0.2074027 -0.00967232j  0.1844448 -0.00020314j -0.15983742-0.01688439j  0.19837829+0.02158509j]
 [ 0.49887332-0.05673625j  0.43943868-0.00945117j  0.45875256+0.09849536j  0.54199226+0.04354894j
  -0.18551218+0.01013849j -0.21445367+0.02009091j -0.25658888-0.05638086j -0.15432324-0.00437979j]
 [ 0.51280437-0.04421772j -0.46087665+0.02517661j -0.51489093-0.1116582j   0.53329442+0.07634901j
  -0.20836659-0.0002989j   0.21180344-0.0174407j   0.2124353 +0.02941387j -0.15982118-0.02058848j]
 [ 0.3765876 -0.03809062j  0.40595723-0.05153294j -0.43067009-0.08414148j -0.33042814-0.02387448j
  -0.17927367-0.00377222j -0.19277351-0.01049455j  0.19821731+0.01977665j  0.27273419+0.06354134j]]
% Error: 46.12980900618731

Running inference at 16384 shots

Original matrix:
[[ 0.19134172+0.00000000e+00j -0.19134172+2.34326020e-17j  0.19134172-2.34326020e-17j
  -0.19134172+4.68652041e-17j  0.46193977-5.65713056e-17j -0.46193977+1.13142611e-16j
   0.46193977-1.13142611e-16j -0.46193977+1.69713917e-16j]
 [ 0.19134172+0.00000000e+00j  0.19134172-2.34326020e-17j  0.19134172-2.34326020e-17j
   0.19134172-4.68652041e-17j  0.46193977-5.65713056e-17j  0.46193977-1.13142611e-16j
   0.46193977-1.13142611e-16j  0.46193977-1.69713917e-16j]
 [ 0.19134172+0.00000000e+00j -0.19134172+2.34326020e-17j -0.19134172+2.34326020e-17j
   0.19134172-4.68652041e-17j  0.46193977-5.65713056e-17j -0.46193977+1.13142611e-16j
  -0.46193977+1.13142611e-16j  0.46193977-1.69713917e-16j]
 [ 0.19134172+0.00000000e+00j  0.19134172-2.34326020e-17j -0.19134172+2.34326020e-17j
  -0.19134172+4.68652041e-17j  0.46193977-5.65713056e-17j  0.46193977-1.13142611e-16j
  -0.46193977+1.13142611e-16j -0.46193977+1.69713917e-16j]
 [ 0.46193977+0.00000000e+00j -0.46193977+5.65713056e-17j  0.46193977-5.65713056e-17j
  -0.46193977+1.13142611e-16j -0.19134172+2.34326020e-17j  0.19134172-4.68652041e-17j
  -0.19134172+4.68652041e-17j  0.19134172-7.02978061e-17j]
 [ 0.46193977+0.00000000e+00j  0.46193977-5.65713056e-17j  0.46193977-5.65713056e-17j
   0.46193977-1.13142611e-16j -0.19134172+2.34326020e-17j -0.19134172+4.68652041e-17j
  -0.19134172+4.68652041e-17j -0.19134172+7.02978061e-17j]
 [ 0.46193977+0.00000000e+00j -0.46193977+5.65713056e-17j -0.46193977+5.65713056e-17j
   0.46193977-1.13142611e-16j -0.19134172+2.34326020e-17j  0.19134172-4.68652041e-17j
   0.19134172-4.68652041e-17j -0.19134172+7.02978061e-17j]
 [ 0.46193977+0.00000000e+00j  0.46193977-5.65713056e-17j -0.46193977+5.65713056e-17j
  -0.46193977+1.13142611e-16j -0.19134172+2.34326020e-17j -0.19134172+4.68652041e-17j
   0.19134172-4.68652041e-17j  0.19134172-7.02978061e-17j]]
Reconstructed matrix:
[[ 0.22963966+0.00000000e+00j -0.19561897-7.44202613e-03j  0.18392436-1.59471988e-02j
  -0.21945029+5.01256306e-02j  0.35615411+3.50838375e-02j -0.54740057-5.15419591e-02j
   0.52196036-1.74751824e-02j -0.36767826+1.08169613e-03j]
 [ 0.19030324-1.27577591e-02j  0.18007358+9.31969258e-03j  0.2603392 -1.70055505e-02j
   0.19725509-4.96072461e-02j  0.54579506+1.50817937e-02j  0.34130382+3.37623631e-02j
   0.36452584-4.70991346e-03j  0.51796835-1.48037108e-02j]
 [ 0.16478772-6.37887954e-03j -0.23541343+1.22253235e-02j -0.20974797+1.52996645e-02j
   0.16925834-1.37811809e-02j  0.570884  +8.74265764e-02j -0.32964059-1.91004830e-02j
  -0.35024897+3.92347804e-02j  0.55644392-2.30100419e-03j]
 [ 0.27854662-4.10394644e-04j  0.18210017+8.12955604e-03j -0.202469  +3.07354945e-02j
  -0.26474423+2.69654780e-02j  0.3677101 +6.88292275e-02j  0.58353388+2.40219183e-02j
  -0.5763478 +7.79170533e-02j -0.35059569+8.03077996e-03j]
 [ 0.38804851+1.48840523e-02j -0.45624301-1.85513357e-02j  0.52033051-3.00586241e-02j
  -0.41587627+8.25650469e-02j -0.24009718-4.26939194e-02j  0.14447876+2.30042367e-02j
  -0.15553956-6.47147318e-03j  0.1992192 -5.89804275e-03j]
 [ 0.50372131+2.67916670e-02j  0.44663816+2.18342512e-02j  0.36692334-2.43181178e-02j
   0.48865982-9.39974617e-02j -0.19155151-3.96096100e-02j -0.33536575-6.52133733e-02j
  -0.2634998 -3.28244062e-02j -0.19033507+1.29651979e-02j]
 [ 0.49851153+2.22013178e-02j -0.41671765+2.95127103e-02j -0.40752714+2.05890649e-02j
   0.4649243 -1.03748309e-01j -0.15603677-3.46360390e-02j  0.30226949+7.94792051e-02j
   0.26369833-1.58105221e-05j -0.15573713+3.37930496e-03j]
 [ 0.39660693+4.19830653e-02j  0.51726514-5.65686441e-02j -0.50960397+5.48204462e-02j
  -0.40165408+8.92066037e-02j -0.28288735-3.70484839e-02j -0.15038561-2.45831832e-02j
   0.13517229-1.11181007e-02j  0.26168191+5.29035805e-03j]]
% Error: 63.48127644264022

Running inference at 16384 shots

Original matrix:
[[ 0.19134172+0.00000000e+00j -0.19134172+2.34326020e-17j  0.19134172-2.34326020e-17j
  -0.19134172+4.68652041e-17j  0.46193977-5.65713056e-17j -0.46193977+1.13142611e-16j
   0.46193977-1.13142611e-16j -0.46193977+1.69713917e-16j]
 [ 0.19134172+0.00000000e+00j  0.19134172-2.34326020e-17j  0.19134172-2.34326020e-17j
   0.19134172-4.68652041e-17j  0.46193977-5.65713056e-17j  0.46193977-1.13142611e-16j
   0.46193977-1.13142611e-16j  0.46193977-1.69713917e-16j]
 [ 0.19134172+0.00000000e+00j -0.19134172+2.34326020e-17j -0.19134172+2.34326020e-17j
   0.19134172-4.68652041e-17j  0.46193977-5.65713056e-17j -0.46193977+1.13142611e-16j
  -0.46193977+1.13142611e-16j  0.46193977-1.69713917e-16j]
 [ 0.19134172+0.00000000e+00j  0.19134172-2.34326020e-17j -0.19134172+2.34326020e-17j
  -0.19134172+4.68652041e-17j  0.46193977-5.65713056e-17j  0.46193977-1.13142611e-16j
  -0.46193977+1.13142611e-16j -0.46193977+1.69713917e-16j]
 [ 0.46193977+0.00000000e+00j -0.46193977+5.65713056e-17j  0.46193977-5.65713056e-17j
  -0.46193977+1.13142611e-16j -0.19134172+2.34326020e-17j  0.19134172-4.68652041e-17j
  -0.19134172+4.68652041e-17j  0.19134172-7.02978061e-17j]
 [ 0.46193977+0.00000000e+00j  0.46193977-5.65713056e-17j  0.46193977-5.65713056e-17j
   0.46193977-1.13142611e-16j -0.19134172+2.34326020e-17j -0.19134172+4.68652041e-17j
  -0.19134172+4.68652041e-17j -0.19134172+7.02978061e-17j]
 [ 0.46193977+0.00000000e+00j -0.46193977+5.65713056e-17j -0.46193977+5.65713056e-17j
   0.46193977-1.13142611e-16j -0.19134172+2.34326020e-17j  0.19134172-4.68652041e-17j
   0.19134172-4.68652041e-17j -0.19134172+7.02978061e-17j]
 [ 0.46193977+0.00000000e+00j  0.46193977-5.65713056e-17j -0.46193977+5.65713056e-17j
  -0.46193977+1.13142611e-16j -0.19134172+2.34326020e-17j -0.19134172+4.68652041e-17j
   0.19134172-4.68652041e-17j  0.19134172-7.02978061e-17j]]
Reconstructed matrix:
[[ 0.20728905+0.j         -0.20140016+0.00235556j  0.19315571-0.01060001j -0.1849561 +0.00757634j
   0.41575588+0.00942223j -0.47064575-0.0124151j   0.47130152-0.01044817j -0.40858055-0.00595881j]
 [ 0.22142239+0.j          0.2013264 -0.00841348j  0.18811781-0.01905612j  0.18913032-0.00903695j
   0.4706857 +0.01417586j  0.42038611+0.0079658j   0.45725057-0.01633677j  0.45236818+0.00241366j]
 [ 0.1766668 -0.00471111j -0.20465159-0.01820911j -0.18790909+0.01527563j  0.23019535+0.01954465j
   0.46111224+0.00633308j -0.41559225-0.02286192j -0.42626936+0.02082568j  0.44066774+0.0195642j ]
 [ 0.26006091-0.00968503j  0.22702863+0.03045076j -0.21622744+0.02247566j -0.16576499-0.01596355j
   0.4422264 +0.00924697j  0.46906381+0.02623163j -0.49626704+0.01728988j -0.45057074-0.02820282j]
 [ 0.38277807-0.00824445j -0.45437402-0.01771295j  0.45462899-0.03861937j -0.44649633-0.02386972j
  -0.19437686-0.00029429j  0.17478494-0.00109394j -0.18490691-0.00107992j  0.17684657-0.00160289j]
 [ 0.49997468+0.00326016j  0.42510887+0.02991385j  0.41161049-0.04663835j  0.44526768+0.02366836j
  -0.20977052-0.01036569j -0.23048199+0.00144242j -0.21127757-0.00387435j -0.21219243-0.04500711j]
 [ 0.5248884 +0.00144961j -0.44185383-0.03217168j -0.42187738+0.0411462j   0.43815627+0.04395002j
  -0.17080348+0.00978949j  0.22753965+0.02231983j  0.22580185+0.00395918j -0.20988165+0.00466259j]
 [ 0.36648434-0.01340664j  0.44835479+0.03339414j -0.44648715+0.04386136j -0.44067053-0.05915847j
  -0.22699505+0.02002491j -0.19197133-0.02057695j  0.16223231+0.00284281j  0.18413963-0.01570751j]]
% Error: 29.942128280026235

Running inference at 16384 shots

Original matrix:
[[ 0.19134172+0.00000000e+00j -0.19134172+2.34326020e-17j  0.19134172-2.34326020e-17j
  -0.19134172+4.68652041e-17j  0.46193977-5.65713056e-17j -0.46193977+1.13142611e-16j
   0.46193977-1.13142611e-16j -0.46193977+1.69713917e-16j]
 [ 0.19134172+0.00000000e+00j  0.19134172-2.34326020e-17j  0.19134172-2.34326020e-17j
   0.19134172-4.68652041e-17j  0.46193977-5.65713056e-17j  0.46193977-1.13142611e-16j
   0.46193977-1.13142611e-16j  0.46193977-1.69713917e-16j]
 [ 0.19134172+0.00000000e+00j -0.19134172+2.34326020e-17j -0.19134172+2.34326020e-17j
   0.19134172-4.68652041e-17j  0.46193977-5.65713056e-17j -0.46193977+1.13142611e-16j
  -0.46193977+1.13142611e-16j  0.46193977-1.69713917e-16j]
 [ 0.19134172+0.00000000e+00j  0.19134172-2.34326020e-17j -0.19134172+2.34326020e-17j
  -0.19134172+4.68652041e-17j  0.46193977-5.65713056e-17j  0.46193977-1.13142611e-16j
  -0.46193977+1.13142611e-16j -0.46193977+1.69713917e-16j]
 [ 0.46193977+0.00000000e+00j -0.46193977+5.65713056e-17j  0.46193977-5.65713056e-17j
  -0.46193977+1.13142611e-16j -0.19134172+2.34326020e-17j  0.19134172-4.68652041e-17j
  -0.19134172+4.68652041e-17j  0.19134172-7.02978061e-17j]
 [ 0.46193977+0.00000000e+00j  0.46193977-5.65713056e-17j  0.46193977-5.65713056e-17j
   0.46193977-1.13142611e-16j -0.19134172+2.34326020e-17j -0.19134172+4.68652041e-17j
  -0.19134172+4.68652041e-17j -0.19134172+7.02978061e-17j]
 [ 0.46193977+0.00000000e+00j -0.46193977+5.65713056e-17j -0.46193977+5.65713056e-17j
   0.46193977-1.13142611e-16j -0.19134172+2.34326020e-17j  0.19134172-4.68652041e-17j
   0.19134172-4.68652041e-17j -0.19134172+7.02978061e-17j]
 [ 0.46193977+0.00000000e+00j  0.46193977-5.65713056e-17j -0.46193977+5.65713056e-17j
  -0.46193977+1.13142611e-16j -0.19134172+2.34326020e-17j -0.19134172+4.68652041e-17j
   0.19134172-4.68652041e-17j  0.19134172-7.02978061e-17j]]
Reconstructed matrix:
[[ 0.20252315+0.j         -0.20131765+0.01205495j  0.19890666-0.00361648j -0.19638405-0.00011155j
   0.46291005-0.01928792j -0.42025754+0.01061755j  0.42402183-0.03757822j -0.47530625+0.0352319j ]
 [ 0.19287919-0.00723297j  0.24261382-0.00117944j  0.19421863-0.01579493j  0.19145323+0.00632464j
   0.41889271-0.02843046j  0.41752171-0.01633687j  0.43810665-0.05692572j  0.40685804-0.03490896j]
 [ 0.21698909-0.00964396j -0.20040237+0.02515892j -0.18303431+0.0082321j   0.20137608-0.03345144j
   0.40784199-0.00379512j -0.44240875-0.0103041j  -0.44993288+0.00921268j  0.38621736-0.02679124j]
 [ 0.15630157+0.00204619j  0.23703378-0.03355603j -0.21578653+0.02295064j -0.19989658+0.03371684j
   0.46834743-0.0247068j   0.44338413+0.01086686j -0.387025  +0.00683363j -0.52628917+0.04116674j]
 [ 0.4267452 +0.02893188j -0.3866881 +0.03743809j  0.42047216+0.02915816j -0.42764046+0.0233775j
  -0.1735095 -0.01276738j  0.199695  -0.01722272j -0.22172355+0.02614522j  0.17438186-0.0239615j ]
 [ 0.47972366+0.03789467j  0.54829605-0.07316624j  0.46668822+0.02285207j  0.41663919+0.0125446j
  -0.23875892-0.05078546j -0.18359087+0.00235035j -0.18904738+0.05166595j -0.23643165+0.03802432j]
 [ 0.44708032+0.00395742j -0.48495198+0.04546006j -0.47116632-0.0536387j   0.45715496-0.03902951j
  -0.22631469+0.00301326j  0.18771098-0.0075185j   0.1611162 +0.00615334j -0.23962333+0.05057994j]
 [ 0.44945722+0.00397783j  0.40814172-0.04600246j -0.37686576-0.04130056j -0.43021434+0.0467242j
  -0.16522414+0.01298293j -0.21400964+0.01761957j  0.26504461-0.00350496j  0.16399492-0.0307312j ]]
% Error: 37.542890349362324

Running inference at 16384 shots

Original matrix:
[[ 0.19134172+0.00000000e+00j -0.19134172+2.34326020e-17j  0.19134172-2.34326020e-17j
  -0.19134172+4.68652041e-17j  0.46193977-5.65713056e-17j -0.46193977+1.13142611e-16j
   0.46193977-1.13142611e-16j -0.46193977+1.69713917e-16j]
 [ 0.19134172+0.00000000e+00j  0.19134172-2.34326020e-17j  0.19134172-2.34326020e-17j
   0.19134172-4.68652041e-17j  0.46193977-5.65713056e-17j  0.46193977-1.13142611e-16j
   0.46193977-1.13142611e-16j  0.46193977-1.69713917e-16j]
 [ 0.19134172+0.00000000e+00j -0.19134172+2.34326020e-17j -0.19134172+2.34326020e-17j
   0.19134172-4.68652041e-17j  0.46193977-5.65713056e-17j -0.46193977+1.13142611e-16j
  -0.46193977+1.13142611e-16j  0.46193977-1.69713917e-16j]
 [ 0.19134172+0.00000000e+00j  0.19134172-2.34326020e-17j -0.19134172+2.34326020e-17j
  -0.19134172+4.68652041e-17j  0.46193977-5.65713056e-17j  0.46193977-1.13142611e-16j
  -0.46193977+1.13142611e-16j -0.46193977+1.69713917e-16j]
 [ 0.46193977+0.00000000e+00j -0.46193977+5.65713056e-17j  0.46193977-5.65713056e-17j
  -0.46193977+1.13142611e-16j -0.19134172+2.34326020e-17j  0.19134172-4.68652041e-17j
  -0.19134172+4.68652041e-17j  0.19134172-7.02978061e-17j]
 [ 0.46193977+0.00000000e+00j  0.46193977-5.65713056e-17j  0.46193977-5.65713056e-17j
   0.46193977-1.13142611e-16j -0.19134172+2.34326020e-17j -0.19134172+4.68652041e-17j
  -0.19134172+4.68652041e-17j -0.19134172+7.02978061e-17j]
 [ 0.46193977+0.00000000e+00j -0.46193977+5.65713056e-17j -0.46193977+5.65713056e-17j
   0.46193977-1.13142611e-16j -0.19134172+2.34326020e-17j  0.19134172-4.68652041e-17j
   0.19134172-4.68652041e-17j -0.19134172+7.02978061e-17j]
 [ 0.46193977+0.00000000e+00j  0.46193977-5.65713056e-17j -0.46193977+5.65713056e-17j
  -0.46193977+1.13142611e-16j -0.19134172+2.34326020e-17j -0.19134172+4.68652041e-17j
   0.19134172-4.68652041e-17j  0.19134172-7.02978061e-17j]]
Reconstructed matrix:
[[ 0.19764235+0.j         -0.20875974-0.01729371j  0.20752447-0.01482318j -0.20667985+0.01111947j
   0.37675574+0.03458741j -0.49240996-0.06165302j  0.52797191+0.10245656j -0.3739202 -0.05442957j]
 [ 0.21123027-0.00123526j  0.16712328-0.0013402j   0.19443278-0.00443107j  0.19115321+0.00386841j
   0.51707856+0.01354289j  0.44609511+0.06422045j  0.36647657+0.07410353j  0.53023772+0.08211658j]
 [ 0.2137008 +0.01358791j -0.17476698-0.02004808j -0.19654434+0.04999582j  0.20117796+0.01507651j
   0.52451364+0.02377169j -0.41599733-0.05384131j -0.39123361-0.08413413j  0.5069034 +0.08324167j]
 [ 0.17956757+0.05665528j  0.20189448+0.00623041j -0.2231444 +0.05422762j -0.20908731-0.00469422j
   0.38212127+0.04042491j  0.49433517+0.07152036j -0.51775786-0.13676929j -0.37586053-0.08723007j]
 [ 0.41628421-0.00494106j -0.3687791 -0.01859791j  0.3511108 -0.00735724j -0.37633449+0.05653749j
  -0.20579094-0.01093039j  0.15249287+0.00216665j -0.14465449-0.03718378j  0.21723218+0.05033552j]
 [ 0.4464058 -0.00822865j  0.51553117+0.00940024j  0.53719293+0.01445835j  0.48614   -0.08407207j
  -0.17563459-0.00101843j -0.25799458-0.01646697j -0.25868447-0.03607459j -0.20071027-0.04176762j]
 [ 0.44279594-0.00056377j -0.5249905 -0.01316818j -0.54425543+0.02389952j  0.54583989-0.08830432j
  -0.18810039-0.01229391j  0.26112896+0.01171044j  0.31176055+0.07316178j -0.18025986-0.04962394j]
 [ 0.46645959-0.0061075j   0.36057158-0.01186766j -0.35252194+0.01899528j -0.36958447+0.05589151j
  -0.22892961+0.01218945j -0.18097562-0.01180811j  0.12377006+0.03302684j  0.22684673+0.04434182j]]
% Error: 58.30017522882851

Running inference at 16384 shots

Original matrix:
[[ 0.19134172+0.00000000e+00j -0.19134172+2.34326020e-17j  0.19134172-2.34326020e-17j
  -0.19134172+4.68652041e-17j  0.46193977-5.65713056e-17j -0.46193977+1.13142611e-16j
   0.46193977-1.13142611e-16j -0.46193977+1.69713917e-16j]
 [ 0.19134172+0.00000000e+00j  0.19134172-2.34326020e-17j  0.19134172-2.34326020e-17j
   0.19134172-4.68652041e-17j  0.46193977-5.65713056e-17j  0.46193977-1.13142611e-16j
   0.46193977-1.13142611e-16j  0.46193977-1.69713917e-16j]
 [ 0.19134172+0.00000000e+00j -0.19134172+2.34326020e-17j -0.19134172+2.34326020e-17j
   0.19134172-4.68652041e-17j  0.46193977-5.65713056e-17j -0.46193977+1.13142611e-16j
  -0.46193977+1.13142611e-16j  0.46193977-1.69713917e-16j]
 [ 0.19134172+0.00000000e+00j  0.19134172-2.34326020e-17j -0.19134172+2.34326020e-17j
  -0.19134172+4.68652041e-17j  0.46193977-5.65713056e-17j  0.46193977-1.13142611e-16j
  -0.46193977+1.13142611e-16j -0.46193977+1.69713917e-16j]
 [ 0.46193977+0.00000000e+00j -0.46193977+5.65713056e-17j  0.46193977-5.65713056e-17j
  -0.46193977+1.13142611e-16j -0.19134172+2.34326020e-17j  0.19134172-4.68652041e-17j
  -0.19134172+4.68652041e-17j  0.19134172-7.02978061e-17j]
 [ 0.46193977+0.00000000e+00j  0.46193977-5.65713056e-17j  0.46193977-5.65713056e-17j
   0.46193977-1.13142611e-16j -0.19134172+2.34326020e-17j -0.19134172+4.68652041e-17j
  -0.19134172+4.68652041e-17j -0.19134172+7.02978061e-17j]
 [ 0.46193977+0.00000000e+00j -0.46193977+5.65713056e-17j -0.46193977+5.65713056e-17j
   0.46193977-1.13142611e-16j -0.19134172+2.34326020e-17j  0.19134172-4.68652041e-17j
   0.19134172-4.68652041e-17j -0.19134172+7.02978061e-17j]
 [ 0.46193977+0.00000000e+00j  0.46193977-5.65713056e-17j -0.46193977+5.65713056e-17j
  -0.46193977+1.13142611e-16j -0.19134172+2.34326020e-17j -0.19134172+4.68652041e-17j
   0.19134172-4.68652041e-17j  0.19134172-7.02978061e-17j]]
Reconstructed matrix:
[[ 0.20131404+0.j         -0.18554849+0.02668017j  0.20373951+0.00848915j -0.19561223-0.00692811j
   0.40505356-0.03031838j -0.47900623+0.06942742j  0.44647651-0.03781469j -0.43518133+0.02447441j]
 [ 0.1928249 -0.00121274j  0.23780962-0.03280948j  0.21246759+0.00882213j  0.20722097+0.00109609j
   0.48614734-0.0443271j   0.42701257-0.03979623j  0.45471843-0.04820566j  0.44412855-0.01645802j]
 [ 0.20737772+0.00485094j -0.2420247 +0.02581619j -0.20136406-0.02985568j  0.21314904+0.02744963j
   0.47857976+0.01583508j -0.41939218+0.05681936j -0.44550596+0.02371932j  0.45398082-0.02202586j]
 [ 0.21120581+0.02022292j  0.17159603-0.02873841j -0.17273094-0.03495103j -0.19675732-0.04113232j
   0.42049523-0.01105921j  0.50348831-0.07417096j -0.45027595+0.0374605j  -0.42029335+0.03902947j]
 [ 0.41596817-0.00848915j -0.48137107+0.06010016j  0.42268447+0.02113324j -0.36900149-0.02299606j
  -0.18509727+0.01668031j  0.1758713 -0.04741116j -0.18188572-0.02146832j  0.19101396-0.02461159j]
 [ 0.49599946-0.03122559j  0.40637405-0.02853158j  0.46057076+0.01601605j  0.54099755+0.01769779j
  -0.22268481+0.01195785j -0.19079104+0.0108618j  -0.22644768-0.02990973j -0.23810129+0.01236727j]
 [ 0.48398053-0.01749255j -0.39381424+0.03733538j -0.46861957+0.03071016j  0.52393711+0.00942125j
  -0.21665825-0.010638j    0.22052299-0.07059447j  0.21514274-0.00793883j -0.24518222+0.03674114j]
 [ 0.41736104-0.01907038j  0.49051456-0.0785548j  -0.40316672+0.0225792j  -0.35883994-0.00225732j
  -0.21648918-0.00272858j -0.23115835+0.05573581j  0.1751628 -0.01097278j  0.17729377-0.01302472j]]
% Error: 38.81634065593691

Running inference at 16384 shots

Original matrix:
[[ 0.19134172+0.00000000e+00j -0.19134172+2.34326020e-17j  0.19134172-2.34326020e-17j
  -0.19134172+4.68652041e-17j  0.46193977-5.65713056e-17j -0.46193977+1.13142611e-16j
   0.46193977-1.13142611e-16j -0.46193977+1.69713917e-16j]
 [ 0.19134172+0.00000000e+00j  0.19134172-2.34326020e-17j  0.19134172-2.34326020e-17j
   0.19134172-4.68652041e-17j  0.46193977-5.65713056e-17j  0.46193977-1.13142611e-16j
   0.46193977-1.13142611e-16j  0.46193977-1.69713917e-16j]
 [ 0.19134172+0.00000000e+00j -0.19134172+2.34326020e-17j -0.19134172+2.34326020e-17j
   0.19134172-4.68652041e-17j  0.46193977-5.65713056e-17j -0.46193977+1.13142611e-16j
  -0.46193977+1.13142611e-16j  0.46193977-1.69713917e-16j]
 [ 0.19134172+0.00000000e+00j  0.19134172-2.34326020e-17j -0.19134172+2.34326020e-17j
  -0.19134172+4.68652041e-17j  0.46193977-5.65713056e-17j  0.46193977-1.13142611e-16j
